776901
4663691
9925673
2293252
9863010
9368655
5197121
9292480
5472374
1539836
1270372
8190193
7174179
9512224
4667161
9322390
4963583
942285
3463458
6406391
1203156
1913082
2148407
1881326
435096
2116960
3649289
1113175
9604463
1012948
140743
5700023
1292735
8400379
9358174
4295051
798345
4112591
8062412
786083
7886964
2095550
3509410
9274744
9545047
3041885
4297513
4075830
1521647
9261489
8050904
5284605
9513890
417847
9200738
267934
8440218
5407702
2032170
9176215
972994
9279885
4096866
8289288
341102
8103402
5525724
9502977
5590286
5372835
6811068
8304490
8886989
8241052
2363832
7868101
1015420
5708375
4960501
4307925
9144286
395104
9197862
4314267
5248719
7654874
9336126
8435440
3136325
8767764
3194399
778003
2192649
9446891
7754351
6699941
7267611
4032022
601799
8004542
4006961
6643636
2845991
3597011
4972681
3366208
1254880
6712362
5315534
6804091
8837978
6078575
3587922
7451893
8901649
4823436
4686143
2714856
4897455
5986926
168640
8553303
6213248
1650757
6213919
6470193
4060414
2957305
4841822
