140743
168640
267934
341102
395104
417847
435096
601799
776901
778003
786083
798345
942285
972994
1012948
1015420
1113175
1203156
1254880
1270372
1292735
1521647
1539836
1650757
1881326
1913082
2032170
2095550
2116960
2148407
2192649
2293252
2363832
2714856
2845991
2957305
3041885
3136325
3194399
3366208
3463458
3509410
3587922
3597011
3649289
4006961
4032022
4060414
4075830
4096866
4112591
4295051
4297513
4307925
4314267
4663691
4667161
4686143
4823436
4841822
4897455
4960501
4963583
4972681
5197121
5248719
5284605
5315534
5372835
5407702
5472374
5525724
5590286
5700023
5708375
5986926
6078575
6213248
6213919
6406391
6470193
6643636
6699941
6712362
6804091
6811068
7174179
7267611
7451893
7654874
7754351
7868101
7886964
8004542
8050904
8062412
8103402
8190193
8241052
8289288
8304490
8400379
8435440
8440218
8553303
8767764
8837978
8886989
8901649
9144286
9176215
9197862
9200738
9261489
9274744
9279885
9292480
9322390
9336126
9358174
9368655
9446891
9502977
9512224
9513890
9545047
9604463
9863010
9925673
